/*--------------------------------*- C++ -*----------------------------------*\
| =========                 |                                                 |
| \\      /  F ield         | OpenFOAM: The Open Source CFD Toolbox           |
|  \\    /   O peration     | Version:  2.3.1                                 |
|   \\  /    A nd           | Web:      www.OpenFOAM.org                      |
|    \\/     M anipulation  |                                                 |
\*---------------------------------------------------------------------------*/
FoamFile
{
    version     2.0;
    format      ascii;
    class       vectorField;
    location    "constant/polyMesh";
    object      points;
}
// * * * * * * * * * * * * * * * * * * * * * * * * * * * * * * * * * * * * * //


1204
(
(0 0 0)
(50 0 0)
(0 50 0)
(50 50 0)
(0 0 0.921830297)
(50 0 0.921830297)
(0 50 0.921830297)
(50 50 0.921830297)
(0 0 1.856370463)
(50 0 1.856370463)
(0 50 1.856370463)
(50 50 1.856370463)
(0 0 2.803795737)
(50 0 2.803795737)
(0 50 2.803795737)
(50 50 2.803795737)
(0 0 3.764283774)
(50 0 3.764283774)
(0 50 3.764283774)
(50 50 3.764283774)
(0 0 4.738014679)
(50 0 4.738014679)
(0 50 4.738014679)
(50 50 4.738014679)
(0 0 5.72517104)
(50 0 5.72517104)
(0 50 5.72517104)
(50 50 5.72517104)
(0 0 6.725937962)
(50 0 6.725937962)
(0 50 6.725937962)
(50 50 6.725937962)
(0 0 7.740503103)
(50 0 7.740503103)
(0 50 7.740503103)
(50 50 7.740503103)
(0 0 8.769056709)
(50 0 8.769056709)
(0 50 8.769056709)
(50 50 8.769056709)
(0 0 9.811791646)
(50 0 9.811791646)
(0 50 9.811791646)
(50 50 9.811791646)
(0 0 10.86890344)
(50 0 10.86890344)
(0 50 10.86890344)
(50 50 10.86890344)
(0 0 11.94059032)
(50 0 11.94059032)
(0 50 11.94059032)
(50 50 11.94059032)
(0 0 13.02705324)
(50 0 13.02705324)
(0 50 13.02705324)
(50 50 13.02705324)
(0 0 14.12849592)
(50 0 14.12849592)
(0 50 14.12849592)
(50 50 14.12849592)
(0 0 15.2451249)
(50 0 15.2451249)
(0 50 15.2451249)
(50 50 15.2451249)
(0 0 16.37714957)
(50 0 16.37714957)
(0 50 16.37714957)
(50 50 16.37714957)
(0 0 17.52478219)
(50 0 17.52478219)
(0 50 17.52478219)
(50 50 17.52478219)
(0 0 18.68823796)
(50 0 18.68823796)
(0 50 18.68823796)
(50 50 18.68823796)
(0 0 19.86773504)
(50 0 19.86773504)
(0 50 19.86773504)
(50 50 19.86773504)
(0 0 21.06349462)
(50 0 21.06349462)
(0 50 21.06349462)
(50 50 21.06349462)
(0 0 22.2757409)
(50 0 22.2757409)
(0 50 22.2757409)
(50 50 22.2757409)
(0 0 23.5047012)
(50 0 23.5047012)
(0 50 23.5047012)
(50 50 23.5047012)
(0 0 24.75060597)
(50 0 24.75060597)
(0 50 24.75060597)
(50 50 24.75060597)
(0 0 26.01368883)
(50 0 26.01368883)
(0 50 26.01368883)
(50 50 26.01368883)
(0 0 27.29418664)
(50 0 27.29418664)
(0 50 27.29418664)
(50 50 27.29418664)
(0 0 28.59233949)
(50 0 28.59233949)
(0 50 28.59233949)
(50 50 28.59233949)
(0 0 29.90839081)
(50 0 29.90839081)
(0 50 29.90839081)
(50 50 29.90839081)
(0 0 31.24258738)
(50 0 31.24258738)
(0 50 31.24258738)
(50 50 31.24258738)
(0 0 32.59517937)
(50 0 32.59517937)
(0 50 32.59517937)
(50 50 32.59517937)
(0 0 33.96642043)
(50 0 33.96642043)
(0 50 33.96642043)
(50 50 33.96642043)
(0 0 35.35656767)
(50 0 35.35656767)
(0 50 35.35656767)
(50 50 35.35656767)
(0 0 36.76588177)
(50 0 36.76588177)
(0 50 36.76588177)
(50 50 36.76588177)
(0 0 38.19462699)
(50 0 38.19462699)
(0 50 38.19462699)
(50 50 38.19462699)
(0 0 39.64307124)
(50 0 39.64307124)
(0 50 39.64307124)
(50 50 39.64307124)
(0 0 41.11148613)
(50 0 41.11148613)
(0 50 41.11148613)
(50 50 41.11148613)
(0 0 42.600147)
(50 0 42.600147)
(0 50 42.600147)
(50 50 42.600147)
(0 0 44.10933299)
(50 0 44.10933299)
(0 50 44.10933299)
(50 50 44.10933299)
(0 0 45.63932711)
(50 0 45.63932711)
(0 50 45.63932711)
(50 50 45.63932711)
(0 0 47.19041624)
(50 0 47.19041624)
(0 50 47.19041624)
(50 50 47.19041624)
(0 0 48.76289124)
(50 0 48.76289124)
(0 50 48.76289124)
(50 50 48.76289124)
(0 0 50.35704697)
(50 0 50.35704697)
(0 50 50.35704697)
(50 50 50.35704697)
(0 0 51.97318235)
(50 0 51.97318235)
(0 50 51.97318235)
(50 50 51.97318235)
(0 0 53.61160043)
(50 0 53.61160043)
(0 50 53.61160043)
(50 50 53.61160043)
(0 0 55.27260844)
(50 0 55.27260844)
(0 50 55.27260844)
(50 50 55.27260844)
(0 0 56.95651783)
(50 0 56.95651783)
(0 50 56.95651783)
(50 50 56.95651783)
(0 0 58.66364437)
(50 0 58.66364437)
(0 50 58.66364437)
(50 50 58.66364437)
(0 0 60.39430817)
(50 0 60.39430817)
(0 50 60.39430817)
(50 50 60.39430817)
(0 0 62.14883374)
(50 0 62.14883374)
(0 50 62.14883374)
(50 50 62.14883374)
(0 0 63.92755009)
(50 0 63.92755009)
(0 50 63.92755009)
(50 50 63.92755009)
(0 0 65.73079075)
(50 0 65.73079075)
(0 50 65.73079075)
(50 50 65.73079075)
(0 0 67.55889385)
(50 0 67.55889385)
(0 50 67.55889385)
(50 50 67.55889385)
(0 0 69.41220218)
(50 0 69.41220218)
(0 50 69.41220218)
(50 50 69.41220218)
(0 0 71.29106328)
(50 0 71.29106328)
(0 50 71.29106328)
(50 50 71.29106328)
(0 0 73.19582944)
(50 0 73.19582944)
(0 50 73.19582944)
(50 50 73.19582944)
(0 0 75.12685784)
(50 0 75.12685784)
(0 50 75.12685784)
(50 50 75.12685784)
(0 0 77.08451058)
(50 0 77.08451058)
(0 50 77.08451058)
(50 50 77.08451058)
(0 0 79.06915474)
(50 0 79.06915474)
(0 50 79.06915474)
(50 50 79.06915474)
(0 0 81.08116246)
(50 0 81.08116246)
(0 50 81.08116246)
(50 50 81.08116246)
(0 0 83.12091104)
(50 0 83.12091104)
(0 50 83.12091104)
(50 50 83.12091104)
(0 0 85.18878294)
(50 0 85.18878294)
(0 50 85.18878294)
(50 50 85.18878294)
(0 0 87.28516593)
(50 0 87.28516593)
(0 50 87.28516593)
(50 50 87.28516593)
(0 0 89.4104531)
(50 0 89.4104531)
(0 50 89.4104531)
(50 50 89.4104531)
(0 0 91.56504297)
(50 0 91.56504297)
(0 50 91.56504297)
(50 50 91.56504297)
(0 0 93.74933957)
(50 0 93.74933957)
(0 50 93.74933957)
(50 50 93.74933957)
(0 0 95.96375247)
(50 0 95.96375247)
(0 50 95.96375247)
(50 50 95.96375247)
(0 0 98.20869691)
(50 0 98.20869691)
(0 50 98.20869691)
(50 50 98.20869691)
(0 0 100.4845938)
(50 0 100.4845938)
(0 50 100.4845938)
(50 50 100.4845938)
(0 0 102.79187)
(50 0 102.79187)
(0 50 102.79187)
(50 50 102.79187)
(0 0 105.1309581)
(50 0 105.1309581)
(0 50 105.1309581)
(50 50 105.1309581)
(0 0 107.5022968)
(50 0 107.5022968)
(0 50 107.5022968)
(50 50 107.5022968)
(0 0 109.9063306)
(50 0 109.9063306)
(0 50 109.9063306)
(50 50 109.9063306)
(0 0 112.3435103)
(50 0 112.3435103)
(0 50 112.3435103)
(50 50 112.3435103)
(0 0 114.814293)
(50 0 114.814293)
(0 50 114.814293)
(50 50 114.814293)
(0 0 117.319142)
(50 0 117.319142)
(0 50 117.319142)
(50 50 117.319142)
(0 0 119.858527)
(50 0 119.858527)
(0 50 119.858527)
(50 50 119.858527)
(0 0 122.4329241)
(50 0 122.4329241)
(0 50 122.4329241)
(50 50 122.4329241)
(0 0 125.0428161)
(50 0 125.0428161)
(0 50 125.0428161)
(50 50 125.0428161)
(0 0 127.6886923)
(50 0 127.6886923)
(0 50 127.6886923)
(50 50 127.6886923)
(0 0 130.371049)
(50 0 130.371049)
(0 50 130.371049)
(50 50 130.371049)
(0 0 133.090389)
(50 0 133.090389)
(0 50 133.090389)
(50 50 133.090389)
(0 0 135.8472223)
(50 0 135.8472223)
(0 50 135.8472223)
(50 50 135.8472223)
(0 0 138.6420659)
(50 0 138.6420659)
(0 50 138.6420659)
(50 50 138.6420659)
(0 0 141.4754438)
(50 0 141.4754438)
(0 50 141.4754438)
(50 50 141.4754438)
(0 0 144.3478872)
(50 0 144.3478872)
(0 50 144.3478872)
(50 50 144.3478872)
(0 0 147.259935)
(50 0 147.259935)
(0 50 147.259935)
(50 50 147.259935)
(0 0 150.2121329)
(50 0 150.2121329)
(0 50 150.2121329)
(50 50 150.2121329)
(0 0 153.2050348)
(50 0 153.2050348)
(0 50 153.2050348)
(50 50 153.2050348)
(0 0 156.2392017)
(50 0 156.2392017)
(0 50 156.2392017)
(50 50 156.2392017)
(0 0 159.3152026)
(50 0 159.3152026)
(0 50 159.3152026)
(50 50 159.3152026)
(0 0 162.4336144)
(50 0 162.4336144)
(0 50 162.4336144)
(50 50 162.4336144)
(0 0 165.5950217)
(50 0 165.5950217)
(0 50 165.5950217)
(50 50 165.5950217)
(0 0 168.8000173)
(50 0 168.8000173)
(0 50 168.8000173)
(50 50 168.8000173)
(0 0 172.0492023)
(50 0 172.0492023)
(0 50 172.0492023)
(50 50 172.0492023)
(0 0 175.3431859)
(50 0 175.3431859)
(0 50 175.3431859)
(50 50 175.3431859)
(0 0 178.6825858)
(50 0 178.6825858)
(0 50 178.6825858)
(50 50 178.6825858)
(0 0 182.0680282)
(50 0 182.0680282)
(0 50 182.0680282)
(50 50 182.0680282)
(0 0 185.5001478)
(50 0 185.5001478)
(0 50 185.5001478)
(50 50 185.5001478)
(0 0 188.9795882)
(50 0 188.9795882)
(0 50 188.9795882)
(50 50 188.9795882)
(0 0 192.507002)
(50 0 192.507002)
(0 50 192.507002)
(50 50 192.507002)
(0 0 196.0830505)
(50 0 196.0830505)
(0 50 196.0830505)
(50 50 196.0830505)
(0 0 199.7084043)
(50 0 199.7084043)
(0 50 199.7084043)
(50 50 199.7084043)
(0 0 203.3837431)
(50 0 203.3837431)
(0 50 203.3837431)
(50 50 203.3837431)
(0 0 207.1097562)
(50 0 207.1097562)
(0 50 207.1097562)
(50 50 207.1097562)
(0 0 210.8871423)
(50 0 210.8871423)
(0 50 210.8871423)
(50 50 210.8871423)
(0 0 214.7166097)
(50 0 214.7166097)
(0 50 214.7166097)
(50 50 214.7166097)
(0 0 218.5988763)
(50 0 218.5988763)
(0 50 218.5988763)
(50 50 218.5988763)
(0 0 222.5346703)
(50 0 222.5346703)
(0 50 222.5346703)
(50 50 222.5346703)
(0 0 226.5247296)
(50 0 226.5247296)
(0 50 226.5247296)
(50 50 226.5247296)
(0 0 230.5698024)
(50 0 230.5698024)
(0 50 230.5698024)
(50 50 230.5698024)
(0 0 234.6706473)
(50 0 234.6706473)
(0 50 234.6706473)
(50 50 234.6706473)
(0 0 238.8280332)
(50 0 238.8280332)
(0 50 238.8280332)
(50 50 238.8280332)
(0 0 243.0427396)
(50 0 243.0427396)
(0 50 243.0427396)
(50 50 243.0427396)
(0 0 247.3155569)
(50 0 247.3155569)
(0 50 247.3155569)
(50 50 247.3155569)
(0 0 251.6472862)
(50 0 251.6472862)
(0 50 251.6472862)
(50 50 251.6472862)
(0 0 256.03874)
(50 0 256.03874)
(0 50 256.03874)
(50 50 256.03874)
(0 0 260.4907415)
(50 0 260.4907415)
(0 50 260.4907415)
(50 50 260.4907415)
(0 0 265.0041256)
(50 0 265.0041256)
(0 50 265.0041256)
(50 50 265.0041256)
(0 0 269.5797387)
(50 0 269.5797387)
(0 50 269.5797387)
(50 50 269.5797387)
(0 0 274.2184387)
(50 0 274.2184387)
(0 50 274.2184387)
(50 50 274.2184387)
(0 0 278.9210955)
(50 0 278.9210955)
(0 50 278.9210955)
(50 50 278.9210955)
(0 0 283.6885908)
(50 0 283.6885908)
(0 50 283.6885908)
(50 50 283.6885908)
(0 0 288.5218187)
(50 0 288.5218187)
(0 50 288.5218187)
(50 50 288.5218187)
(0 0 293.4216853)
(50 0 293.4216853)
(0 50 293.4216853)
(50 50 293.4216853)
(0 0 298.3891096)
(50 0 298.3891096)
(0 50 298.3891096)
(50 50 298.3891096)
(0 0 303.425023)
(50 0 303.425023)
(0 50 303.425023)
(50 50 303.425023)
(0 0 308.5303698)
(50 0 308.5303698)
(0 50 308.5303698)
(50 50 308.5303698)
(0 0 313.7061073)
(50 0 313.7061073)
(0 50 313.7061073)
(50 50 313.7061073)
(0 0 318.953206)
(50 0 318.953206)
(0 50 318.953206)
(50 50 318.953206)
(0 0 324.2726498)
(50 0 324.2726498)
(0 50 324.2726498)
(50 50 324.2726498)
(0 0 329.6654363)
(50 0 329.6654363)
(0 50 329.6654363)
(50 50 329.6654363)
(0 0 335.1325766)
(50 0 335.1325766)
(0 50 335.1325766)
(50 50 335.1325766)
(0 0 340.6750958)
(50 0 340.6750958)
(0 50 340.6750958)
(50 50 340.6750958)
(0 0 346.2940334)
(50 0 346.2940334)
(0 50 346.2940334)
(50 50 346.2940334)
(0 0 351.9904428)
(50 0 351.9904428)
(0 50 351.9904428)
(50 50 351.9904428)
(0 0 357.7653924)
(50 0 357.7653924)
(0 50 357.7653924)
(50 50 357.7653924)
(0 0 363.6199649)
(50 0 363.6199649)
(0 50 363.6199649)
(50 50 363.6199649)
(0 0 369.5552581)
(50 0 369.5552581)
(0 50 369.5552581)
(50 50 369.5552581)
(0 0 375.5723851)
(50 0 375.5723851)
(0 50 375.5723851)
(50 50 375.5723851)
(0 0 381.6724741)
(50 0 381.6724741)
(0 50 381.6724741)
(50 50 381.6724741)
(0 0 387.8566689)
(50 0 387.8566689)
(0 50 387.8566689)
(50 50 387.8566689)
(0 0 394.1261292)
(50 0 394.1261292)
(0 50 394.1261292)
(50 50 394.1261292)
(0 0 400.4820307)
(50 0 400.4820307)
(0 50 400.4820307)
(50 50 400.4820307)
(0 0 406.925565)
(50 0 406.925565)
(0 50 406.925565)
(50 50 406.925565)
(0 0 413.4579405)
(50 0 413.4579405)
(0 50 413.4579405)
(50 50 413.4579405)
(0 0 420.080382)
(50 0 420.080382)
(0 50 420.080382)
(50 50 420.080382)
(0 0 426.7941315)
(50 0 426.7941315)
(0 50 426.7941315)
(50 50 426.7941315)
(0 0 433.6004477)
(50 0 433.6004477)
(0 50 433.6004477)
(50 50 433.6004477)
(0 0 440.500607)
(50 0 440.500607)
(0 50 440.500607)
(50 50 440.500607)
(0 0 447.4959033)
(50 0 447.4959033)
(0 50 447.4959033)
(50 50 447.4959033)
(0 0 454.5876482)
(50 0 454.5876482)
(0 50 454.5876482)
(50 50 454.5876482)
(0 0 461.7771716)
(50 0 461.7771716)
(0 50 461.7771716)
(50 50 461.7771716)
(0 0 469.0658215)
(50 0 469.0658215)
(0 50 469.0658215)
(50 50 469.0658215)
(0 0 476.4549648)
(50 0 476.4549648)
(0 50 476.4549648)
(50 50 476.4549648)
(0 0 483.945987)
(50 0 483.945987)
(0 50 483.945987)
(50 50 483.945987)
(0 0 491.5402927)
(50 0 491.5402927)
(0 50 491.5402927)
(50 50 491.5402927)
(0 0 499.239306)
(50 0 499.239306)
(0 50 499.239306)
(50 50 499.239306)
(0 0 507.0444706)
(50 0 507.0444706)
(0 50 507.0444706)
(50 50 507.0444706)
(0 0 514.95725)
(50 0 514.95725)
(0 50 514.95725)
(50 50 514.95725)
(0 0 522.979128)
(50 0 522.979128)
(0 50 522.979128)
(50 50 522.979128)
(0 0 531.1116088)
(50 0 531.1116088)
(0 50 531.1116088)
(50 50 531.1116088)
(0 0 539.3562174)
(50 0 539.3562174)
(0 50 539.3562174)
(50 50 539.3562174)
(0 0 547.7144997)
(50 0 547.7144997)
(0 50 547.7144997)
(50 50 547.7144997)
(0 0 556.188023)
(50 0 556.188023)
(0 50 556.188023)
(50 50 556.188023)
(0 0 564.7783763)
(50 0 564.7783763)
(0 50 564.7783763)
(50 50 564.7783763)
(0 0 573.4871703)
(50 0 573.4871703)
(0 50 573.4871703)
(50 50 573.4871703)
(0 0 582.3160381)
(50 0 582.3160381)
(0 50 582.3160381)
(50 50 582.3160381)
(0 0 591.2666351)
(50 0 591.2666351)
(0 50 591.2666351)
(50 50 591.2666351)
(0 0 600.3406398)
(50 0 600.3406398)
(0 50 600.3406398)
(50 50 600.3406398)
(0 0 609.5397537)
(50 0 609.5397537)
(0 50 609.5397537)
(50 50 609.5397537)
(0 0 618.8657017)
(50 0 618.8657017)
(0 50 618.8657017)
(50 50 618.8657017)
(0 0 628.3202325)
(50 0 628.3202325)
(0 50 628.3202325)
(50 50 628.3202325)
(0 0 637.9051191)
(50 0 637.9051191)
(0 50 637.9051191)
(50 50 637.9051191)
(0 0 647.6221586)
(50 0 647.6221586)
(0 50 647.6221586)
(50 50 647.6221586)
(0 0 657.4731733)
(50 0 657.4731733)
(0 50 657.4731733)
(50 50 657.4731733)
(0 0 667.4600102)
(50 0 667.4600102)
(0 50 667.4600102)
(50 50 667.4600102)
(0 0 677.5845422)
(50 0 677.5845422)
(0 50 677.5845422)
(50 50 677.5845422)
(0 0 687.8486675)
(50 0 687.8486675)
(0 50 687.8486675)
(50 50 687.8486675)
(0 0 698.254311)
(50 0 698.254311)
(0 50 698.254311)
(50 50 698.254311)
(0 0 708.8034238)
(50 0 708.8034238)
(0 50 708.8034238)
(50 50 708.8034238)
(0 0 719.497984)
(50 0 719.497984)
(0 50 719.497984)
(50 50 719.497984)
(0 0 730.339997)
(50 0 730.339997)
(0 50 730.339997)
(50 50 730.339997)
(0 0 741.3314959)
(50 0 741.3314959)
(0 50 741.3314959)
(50 50 741.3314959)
(0 0 752.4745416)
(50 0 752.4745416)
(0 50 752.4745416)
(50 50 752.4745416)
(0 0 763.7712237)
(50 0 763.7712237)
(0 50 763.7712237)
(50 50 763.7712237)
(0 0 775.2236604)
(50 0 775.2236604)
(0 50 775.2236604)
(50 50 775.2236604)
(0 0 786.8339993)
(50 0 786.8339993)
(0 50 786.8339993)
(50 50 786.8339993)
(0 0 798.6044173)
(50 0 798.6044173)
(0 50 798.6044173)
(50 50 798.6044173)
(0 0 810.5371218)
(50 0 810.5371218)
(0 50 810.5371218)
(50 50 810.5371218)
(0 0 822.6343501)
(50 0 822.6343501)
(0 50 822.6343501)
(50 50 822.6343501)
(0 0 834.8983707)
(50 0 834.8983707)
(0 50 834.8983707)
(50 50 834.8983707)
(0 0 847.3314833)
(50 0 847.3314833)
(0 50 847.3314833)
(50 50 847.3314833)
(0 0 859.9360192)
(50 0 859.9360192)
(0 50 859.9360192)
(50 50 859.9360192)
(0 0 872.714342)
(50 0 872.714342)
(0 50 872.714342)
(50 50 872.714342)
(0 0 885.6688477)
(50 0 885.6688477)
(0 50 885.6688477)
(50 50 885.6688477)
(0 0 898.8019656)
(50 0 898.8019656)
(0 50 898.8019656)
(50 50 898.8019656)
(0 0 912.1161582)
(50 0 912.1161582)
(0 50 912.1161582)
(50 50 912.1161582)
(0 0 925.6139222)
(50 0 925.6139222)
(0 50 925.6139222)
(50 50 925.6139222)
(0 0 939.2977886)
(50 0 939.2977886)
(0 50 939.2977886)
(50 50 939.2977886)
(0 0 953.1703233)
(50 0 953.1703233)
(0 50 953.1703233)
(50 50 953.1703233)
(0 0 967.2341276)
(50 0 967.2341276)
(0 50 967.2341276)
(50 50 967.2341276)
(0 0 981.4918386)
(50 0 981.4918386)
(0 50 981.4918386)
(50 50 981.4918386)
(0 0 995.9461298)
(50 0 995.9461298)
(0 50 995.9461298)
(50 50 995.9461298)
(0 0 1010.599712)
(50 0 1010.599712)
(0 50 1010.599712)
(50 50 1010.599712)
(0 0 1025.455332)
(50 0 1025.455332)
(0 50 1025.455332)
(50 50 1025.455332)
(0 0 1040.515776)
(50 0 1040.515776)
(0 50 1040.515776)
(50 50 1040.515776)
(0 0 1055.783869)
(50 0 1055.783869)
(0 50 1055.783869)
(50 50 1055.783869)
(0 0 1071.262472)
(50 0 1071.262472)
(0 50 1071.262472)
(50 50 1071.262472)
(0 0 1086.954489)
(50 0 1086.954489)
(0 50 1086.954489)
(50 50 1086.954489)
(0 0 1102.862862)
(50 0 1102.862862)
(0 50 1102.862862)
(50 50 1102.862862)
(0 0 1118.990574)
(50 0 1118.990574)
(0 50 1118.990574)
(50 50 1118.990574)
(0 0 1135.340648)
(50 0 1135.340648)
(0 50 1135.340648)
(50 50 1135.340648)
(0 0 1151.916153)
(50 0 1151.916153)
(0 50 1151.916153)
(50 50 1151.916153)
(0 0 1168.720194)
(50 0 1168.720194)
(0 50 1168.720194)
(50 50 1168.720194)
(0 0 1185.755923)
(50 0 1185.755923)
(0 50 1185.755923)
(50 50 1185.755923)
(0 0 1203.026535)
(50 0 1203.026535)
(0 50 1203.026535)
(50 50 1203.026535)
(0 0 1220.535268)
(50 0 1220.535268)
(0 50 1220.535268)
(50 50 1220.535268)
(0 0 1238.285405)
(50 0 1238.285405)
(0 50 1238.285405)
(50 50 1238.285405)
(0 0 1256.280275)
(50 0 1256.280275)
(0 50 1256.280275)
(50 50 1256.280275)
(0 0 1274.523251)
(50 0 1274.523251)
(0 50 1274.523251)
(50 50 1274.523251)
(0 0 1293.017756)
(50 0 1293.017756)
(0 50 1293.017756)
(50 50 1293.017756)
(0 0 1311.767256)
(50 0 1311.767256)
(0 50 1311.767256)
(50 50 1311.767256)
(0 0 1330.775267)
(50 0 1330.775267)
(0 50 1330.775267)
(50 50 1330.775267)
(0 0 1350.045354)
(50 0 1350.045354)
(0 50 1350.045354)
(50 50 1350.045354)
(0 0 1369.581131)
(50 0 1369.581131)
(0 50 1369.581131)
(50 50 1369.581131)
(0 0 1389.386259)
(50 0 1389.386259)
(0 50 1389.386259)
(50 50 1389.386259)
(0 0 1409.464454)
(50 0 1409.464454)
(0 50 1409.464454)
(50 50 1409.464454)
(0 0 1429.81948)
(50 0 1429.81948)
(0 50 1429.81948)
(50 50 1429.81948)
(0 0 1450.455153)
(50 0 1450.455153)
(0 50 1450.455153)
(50 50 1450.455153)
(0 0 1471.375344)
(50 0 1471.375344)
(0 50 1471.375344)
(50 50 1471.375344)
(0 0 1492.583975)
(50 0 1492.583975)
(0 50 1492.583975)
(50 50 1492.583975)
(0 0 1514.085023)
(50 0 1514.085023)
(0 50 1514.085023)
(50 50 1514.085023)
(0 0 1535.88252)
(50 0 1535.88252)
(0 50 1535.88252)
(50 50 1535.88252)
(0 0 1557.980553)
(50 0 1557.980553)
(0 50 1557.980553)
(50 50 1557.980553)
(0 0 1580.383266)
(50 0 1580.383266)
(0 50 1580.383266)
(50 50 1580.383266)
(0 0 1603.09486)
(50 0 1603.09486)
(0 50 1603.09486)
(50 50 1603.09486)
(0 0 1626.119593)
(50 0 1626.119593)
(0 50 1626.119593)
(50 50 1626.119593)
(0 0 1649.461783)
(50 0 1649.461783)
(0 50 1649.461783)
(50 50 1649.461783)
(0 0 1673.125806)
(50 0 1673.125806)
(0 50 1673.125806)
(50 50 1673.125806)
(0 0 1697.116101)
(50 0 1697.116101)
(0 50 1697.116101)
(50 50 1697.116101)
(0 0 1721.437166)
(50 0 1721.437166)
(0 50 1721.437166)
(50 50 1721.437166)
(0 0 1746.09356)
(50 0 1746.09356)
(0 50 1746.09356)
(50 50 1746.09356)
(0 0 1771.089909)
(50 0 1771.089909)
(0 50 1771.089909)
(50 50 1771.089909)
(0 0 1796.430898)
(50 0 1796.430898)
(0 50 1796.430898)
(50 50 1796.430898)
(0 0 1822.121279)
(50 0 1822.121279)
(0 50 1822.121279)
(50 50 1822.121279)
(0 0 1848.165871)
(50 0 1848.165871)
(0 50 1848.165871)
(50 50 1848.165871)
(0 0 1874.569556)
(50 0 1874.569556)
(0 50 1874.569556)
(50 50 1874.569556)
(0 0 1901.337286)
(50 0 1901.337286)
(0 50 1901.337286)
(50 50 1901.337286)
(0 0 1928.474079)
(50 0 1928.474079)
(0 50 1928.474079)
(50 50 1928.474079)
(0 0 1955.985025)
(50 0 1955.985025)
(0 50 1955.985025)
(50 50 1955.985025)
(0 0 1983.875283)
(50 0 1983.875283)
(0 50 1983.875283)
(50 50 1983.875283)
(0 0 2012.150081)
(50 0 2012.150081)
(0 50 2012.150081)
(50 50 2012.150081)
(0 0 2040.814722)
(50 0 2040.814722)
(0 50 2040.814722)
(50 50 2040.814722)
(0 0 2069.874581)
(50 0 2069.874581)
(0 50 2069.874581)
(50 50 2069.874581)
(0 0 2099.335107)
(50 0 2099.335107)
(0 50 2099.335107)
(50 50 2099.335107)
(0 0 2129.201824)
(50 0 2129.201824)
(0 50 2129.201824)
(50 50 2129.201824)
(0 0 2159.480333)
(50 0 2159.480333)
(0 50 2159.480333)
(50 50 2159.480333)
(0 0 2190.176312)
(50 0 2190.176312)
(0 50 2190.176312)
(50 50 2190.176312)
(0 0 2221.295515)
(50 0 2221.295515)
(0 50 2221.295515)
(50 50 2221.295515)
(0 0 2252.843779)
(50 0 2252.843779)
(0 50 2252.843779)
(50 50 2252.843779)
(0 0 2284.82702)
(50 0 2284.82702)
(0 50 2284.82702)
(50 50 2284.82702)
(0 0 2317.251234)
(50 0 2317.251234)
(0 50 2317.251234)
(50 50 2317.251234)
(0 0 2350.122501)
(50 0 2350.122501)
(0 50 2350.122501)
(50 50 2350.122501)
(0 0 2383.446986)
(50 0 2383.446986)
(0 50 2383.446986)
(50 50 2383.446986)
(0 0 2417.230937)
(50 0 2417.230937)
(0 50 2417.230937)
(50 50 2417.230937)
(0 0 2451.480689)
(50 0 2451.480689)
(0 50 2451.480689)
(50 50 2451.480689)
(0 0 2486.202665)
(50 0 2486.202665)
(0 50 2486.202665)
(50 50 2486.202665)
(0 0 2521.403375)
(50 0 2521.403375)
(0 50 2521.403375)
(50 50 2521.403375)
(0 0 2557.089419)
(50 0 2557.089419)
(0 50 2557.089419)
(50 50 2557.089419)
(0 0 2593.267491)
(50 0 2593.267491)
(0 50 2593.267491)
(50 50 2593.267491)
(0 0 2629.944372)
(50 0 2629.944372)
(0 50 2629.944372)
(50 50 2629.944372)
(0 0 2667.126942)
(50 0 2667.126942)
(0 50 2667.126942)
(50 50 2667.126942)
(0 0 2704.822171)
(50 0 2704.822171)
(0 50 2704.822171)
(50 50 2704.822171)
(0 0 2743.037129)
(50 0 2743.037129)
(0 50 2743.037129)
(50 50 2743.037129)
(0 0 2781.778981)
(50 0 2781.778981)
(0 50 2781.778981)
(50 50 2781.778981)
(0 0 2821.054992)
(50 0 2821.054992)
(0 50 2821.054992)
(50 50 2821.054992)
(0 0 2860.872527)
(50 0 2860.872527)
(0 50 2860.872527)
(50 50 2860.872527)
(0 0 2901.239052)
(50 0 2901.239052)
(0 50 2901.239052)
(50 50 2901.239052)
(0 0 2942.162136)
(50 0 2942.162136)
(0 50 2942.162136)
(50 50 2942.162136)
(0 0 2983.649453)
(50 0 2983.649453)
(0 50 2983.649453)
(50 50 2983.649453)
(0 0 3025.708783)
(50 0 3025.708783)
(0 50 3025.708783)
(50 50 3025.708783)
(0 0 3068.348011)
(50 0 3068.348011)
(0 50 3068.348011)
(50 50 3068.348011)
(0 0 3111.575135)
(50 0 3111.575135)
(0 50 3111.575135)
(50 50 3111.575135)
(0 0 3155.398258)
(50 0 3155.398258)
(0 50 3155.398258)
(50 50 3155.398258)
(0 0 3199.825599)
(50 0 3199.825599)
(0 50 3199.825599)
(50 50 3199.825599)
(0 0 3244.865488)
(50 0 3244.865488)
(0 50 3244.865488)
(50 50 3244.865488)
(0 0 3290.526372)
(50 0 3290.526372)
(0 50 3290.526372)
(50 50 3290.526372)
(0 0 3336.816811)
(50 0 3336.816811)
(0 50 3336.816811)
(50 50 3336.816811)
(0 0 3383.745487)
(50 0 3383.745487)
(0 50 3383.745487)
(50 50 3383.745487)
(0 0 3431.321199)
(50 0 3431.321199)
(0 50 3431.321199)
(50 50 3431.321199)
(0 0 3479.552867)
(50 0 3479.552867)
(0 50 3479.552867)
(50 50 3479.552867)
(0 0 3528.449537)
(50 0 3528.449537)
(0 50 3528.449537)
(50 50 3528.449537)
(0 0 3578.020376)
(50 0 3578.020376)
(0 50 3578.020376)
(50 50 3578.020376)
(0 0 3628.274681)
(50 0 3628.274681)
(0 50 3628.274681)
(50 50 3628.274681)
(0 0 3679.221874)
(50 0 3679.221874)
(0 50 3679.221874)
(50 50 3679.221874)
(0 0 3730.871509)
(50 0 3730.871509)
(0 50 3730.871509)
(50 50 3730.871509)
(0 0 3783.233271)
(50 0 3783.233271)
(0 50 3783.233271)
(50 50 3783.233271)
(0 0 3836.316979)
(50 0 3836.316979)
(0 50 3836.316979)
(50 50 3836.316979)
(0 0 3890.132585)
(50 0 3890.132585)
(0 50 3890.132585)
(50 50 3890.132585)
(0 0 3944.690182)
(50 0 3944.690182)
(0 50 3944.690182)
(50 50 3944.690182)
(0 0 4000)
(50 0 4000)
(0 50 4000)
(50 50 4000)
)


// ************************************************************************* //
