height velocity(m/s) Temperature(K)
0.0 0.0 293.0
0.5 4.56195257967 293.0
1.0 5.26886000246 293.0
1.5 5.68390544832 293.0
2.0 5.97881224335 293.0
2.5 6.20773930159 293.0
3.0 6.39487869633 293.0
3.5 6.55315656711 293.0
4.0 6.69029714056 293.0
4.5 6.81128661744 293.0
5.0 6.91953155595 293.0
5.5 7.01746283928 293.0
6.0 7.10687600887 293.0
6.5 7.18913503519 293.0
7.0 7.265300425 293.0
7.5 7.33621306089 293.0
8.0 7.40255094862 293.0
8.5 7.464868743 293.0
9.0 7.52362596672 293.0
9.5 7.57920759433 293.0
10.0 7.63193935358 293.0
10.5 7.68209929173 293.0
11.0 7.72992665027 293.0
11.5 7.77562876627 293.0
12.0 7.81938650467 293.0
12.5 7.86135858138 293.0
13.0 7.90168503848 293.0
13.5 7.94049006341 293.0
14.0 7.97788429548 293.0
14.5 8.0139667276 293.0
15.0 8.04882628565 293.0
15.5 8.08254314882 293.0
16.0 8.11518986043 293.0
16.5 8.14683226772 293.0
17.0 8.17753032145 293.0
17.5 8.20733875957 293.0
18.0 8.23630769455 293.0
18.5 8.26448312033 293.0
19.0 8.29190735157 293.0
19.5 8.31861940597 293.0
20.0 8.34465533809 293.0
20.5 8.37004853202 293.0
21.0 8.39482995873 293.0
21.5 8.41902840323 293.0
22.0 8.44267066553 293.0
22.5 8.46578173906 293.0
23.0 8.48838496952 293.0
23.5 8.51050219655 293.0
24.0 8.53215388062 293.0
24.5 8.55335921669 293.0
25.0 8.57413623654 293.0
25.5 8.59450190086 293.0
26.0 8.61447218242 293.0
26.5 8.63406214138 293.0
27.0 8.65328599349 293.0
27.5 8.67215717205 293.0
28.0 8.69068838432 293.0
28.5 8.70889166291 293.0
29.0 8.7267784127 293.0
29.5 8.74435945378 293.0
30.0 8.76164506074 293.0
30.5 8.77864499874 293.0
31.0 8.79536855663 293.0
31.5 8.81182457745 293.0
32.0 8.82802148651 293.0
32.5 8.84396731728 293.0
33.0 8.85966973532 293.0
33.5 8.87513606041 293.0
34.0 8.89037328705 293.0
34.5 8.90538810342 293.0
35.0 8.92018690907 293.0
35.5 8.93477583121 293.0
36.0 8.94916074002 293.0
36.5 8.96334726281 293.0
37.0 8.97734079719 293.0
37.5 8.99114652347 293.0
38.0 9.00476941613 293.0
38.5 9.01821425459 293.0
39.0 9.03148563327 293.0
39.5 9.04458797104 293.0
40.0 9.05752552004 293.0
40.5 9.07030237394 293.0
41.0 9.08292247574 293.0
41.5 9.0953896251 293.0
42.0 9.10770748514 293.0
42.5 9.11987958897 293.0
43.0 9.13190934572 293.0
43.5 9.14380004632 293.0
44.0 9.15555486886 293.0
44.5 9.16717688371 293.0
45.0 9.17866905834 293.0
45.5 9.19003426185 293.0
46.0 9.20127526929 293.0
46.5 9.2123947657 293.0
47.0 9.22339535001 293.0
47.5 9.23427953861 293.0
48.0 9.24504976888 293.0
48.5 9.25570840241 293.0
49.0 9.26625772815 293.0
49.5 9.27669996534 293.0
50.0 9.2870372663 293.0
50.5 9.29727171911 293.0
51.0 9.30740535016 293.0
51.5 9.31744012652 293.0
52.0 9.32737795824 293.0
52.5 9.33722070055 293.0
53.0 9.34697015593 293.0
53.5 9.3566280761 293.0
54.0 9.36619616387 293.0
54.5 9.375676075 293.0
55.0 9.38506941988 293.0
55.5 9.39437776517 293.0
56.0 9.40360263541 293.0
56.5 9.41274551447 293.0
57.0 9.42180784699 293.0
57.5 9.43079103979 293.0
58.0 9.43969646313 293.0
58.5 9.44852545199 293.0
59.0 9.45727930729 293.0
59.5 9.465959297 293.0
60.0 9.47456665725 293.0
60.5 9.48310259341 293.0
61.0 9.4915682811 293.0
61.5 9.49996486713 293.0
62.0 9.50829347046 293.0
62.5 9.51655518312 293.0
63.0 9.52475107098 293.0
63.5 9.53288217469 293.0
64.0 9.54094951038 293.0
64.5 9.54895407047 293.0
65.0 9.5568968244 293.0
65.5 9.56477871932 293.0
66.0 9.57260068076 293.0
66.5 9.58036361331 293.0
67.0 9.58806840123 293.0
67.5 9.59571590907 293.0
68.0 9.60330698222 293.0
68.5 9.6108424475 293.0
69.0 9.61832311369 293.0
69.5 9.62574977206 293.0
70.0 9.63312319686 293.0
70.5 9.6404441458 293.0
71.0 9.64771336055 293.0
71.5 9.65493156714 293.0
72.0 9.66209947643 293.0
72.5 9.66921778454 293.0
73.0 9.67628717321 293.0
73.5 9.68330831025 293.0
74.0 9.69028184986 293.0
74.5 9.69720843306 293.0
75.0 9.70408868796 293.0
75.5 9.71092323019 293.0
76.0 9.71771266318 293.0
76.5 9.72445757847 293.0
77.0 9.73115855608 293.0
77.5 9.73781616472 293.0
78.0 9.74443096217 293.0
78.5 9.75100349549 293.0
79.0 9.75753430135 293.0
79.5 9.76402390622 293.0
80.0 9.77047282671 293.0
80.5 9.77688156976 293.0
81.0 9.78325063288 293.0
81.5 9.78958050441 293.0
82.0 9.79587166373 293.0
82.5 9.80212458147 293.0
83.0 9.80833971974 293.0
83.5 9.81451753232 293.0
84.0 9.82065846486 293.0
84.5 9.82676295507 293.0
85.0 9.83283143293 293.0
85.5 9.83886432085 293.0
86.0 9.84486203384 293.0
86.5 9.8508249797 293.0
87.0 9.85675355919 293.0
87.5 9.86264816616 293.0
88.0 9.86850918773 293.0
88.5 9.87433700447 293.0
89.0 9.88013199048 293.0
89.5 9.8858945136 293.0
90.0 9.8916249355 293.0
90.5 9.89732361186 293.0
91.0 9.90299089247 293.0
91.5 9.90862712137 293.0
92.0 9.91423263699 293.0
92.5 9.91980777223 293.0
93.0 9.92535285464 293.0
93.5 9.93086820647 293.0
94.0 9.93635414483 293.0
94.5 9.94181098179 293.0
95.0 9.94723902446 293.0
95.5 9.95263857514 293.0
96.0 9.95800993136 293.0
96.5 9.96335338605 293.0
97.0 9.96866922758 293.0
97.5 9.97395773987 293.0
98.0 9.97921920248 293.0
98.5 9.98445389072 293.0
99.0 9.98966207571 293.0
99.5 9.99484402447 293.0
100.0 10.0 293.0
100.5 10.0051302614 293.0
101.0 10.0102350638 293.0
101.5 10.0153146587 293.0
102.0 10.0203692939 293.0
102.5 10.0253992133 293.0
103.0 10.0304046576 293.0
103.5 10.0353858638 293.0
104.0 10.0403430654 293.0
104.5 10.0452764928 293.0
105.0 10.0501863728 293.0
105.5 10.0550729293 293.0
106.0 10.0599363826 293.0
106.5 10.0647769504 293.0
107.0 10.0695948469 293.0
107.5 10.0743902835 293.0
108.0 10.0791634687 293.0
108.5 10.0839146079 293.0
109.0 10.088643904 293.0
109.5 10.0933515568 293.0
110.0 10.0980377636 293.0
110.5 10.1027027188 293.0
111.0 10.1073466143 293.0
111.5 10.1119696394 293.0
112.0 10.1165719809 293.0
112.5 10.121153823 293.0
113.0 10.1257153476 293.0
113.5 10.1302567339 293.0
114.0 10.1347781591 293.0
114.5 10.1392797979 293.0
115.0 10.1437618226 293.0
115.5 10.1482244036 293.0
116.0 10.1526677086 293.0
116.5 10.1570919036 293.0
117.0 10.1614971522 293.0
117.5 10.1658836159 293.0
118.0 10.1702514544 293.0
118.5 10.1746008252 293.0
119.0 10.1789318836 293.0
119.5 10.1832447834 293.0
120.0 10.187539676 293.0
120.5 10.1918167113 293.0
121.0 10.1960760372 293.0
121.5 10.2003177996 293.0
122.0 10.2045421429 293.0
122.5 10.2087492095 293.0
123.0 10.2129391402 293.0
123.5 10.217112074 293.0
124.0 10.2212681482 293.0
124.5 10.2254074985 293.0
125.0 10.2295302589 293.0
125.5 10.233636562 293.0
126.0 10.2377265386 293.0
126.5 10.241800318 293.0
127.0 10.245858028 293.0
127.5 10.2498997948 293.0
128.0 10.2539257433 293.0
128.5 10.2579359968 293.0
129.0 10.2619306771 293.0
129.5 10.2659099049 293.0
130.0 10.2698737991 293.0
130.5 10.2738224774 293.0
131.0 10.2777560563 293.0
131.5 10.2816746508 293.0
132.0 10.2855783747 293.0
132.5 10.2894673402 293.0
133.0 10.2933416587 293.0
133.5 10.2972014401 293.0
134.0 10.3010467929 293.0
134.5 10.3048778248 293.0
135.0 10.3086946419 293.0
135.5 10.3124973494 293.0
136.0 10.3162860512 293.0
136.5 10.32006085 293.0
137.0 10.3238218477 293.0
137.5 10.3275691446 293.0
138.0 10.3313028403 293.0
138.5 10.3350230331 293.0
139.0 10.3387298204 293.0
139.5 10.3424232984 293.0
140.0 10.3461035623 293.0
140.5 10.3497707064 293.0
141.0 10.3534248239 293.0
141.5 10.3570660069 293.0
142.0 10.3606943468 293.0
142.5 10.3643099339 293.0
143.0 10.3679128573 293.0
143.5 10.3715032057 293.0
144.0 10.3750810663 293.0
144.5 10.3786465259 293.0
145.0 10.38219967 293.0
145.5 10.3857405835 293.0
146.0 10.3892693502 293.0
146.5 10.3927860532 293.0
147.0 10.3962907748 293.0
147.5 10.3997835962 293.0
148.0 10.403264598 293.0
148.5 10.40673386 293.0
149.0 10.4101914611 293.0
149.5 10.4136374793 293.0
150.0 10.4170719921 293.0
150.5 10.420495076 293.0
151.0 10.4239068068 293.0
151.5 10.4273072596 293.0
152.0 10.4306965087 293.0
152.5 10.4340746276 293.0
153.0 10.4374416893 293.0
153.5 10.4407977659 293.0
154.0 10.4441429289 293.0
154.5 10.4474772489 293.0
155.0 10.450800796 293.0
155.5 10.4541136398 293.0
156.0 10.4574158487 293.0
156.5 10.460707491 293.0
157.0 10.463988634 293.0
157.5 10.4672593445 293.0
158.0 10.4705196887 293.0
158.5 10.4737697319 293.0
159.0 10.4770095392 293.0
159.5 10.4802391747 293.0
160.0 10.4834587023 293.0
160.5 10.4866681848 293.0
161.0 10.4898676849 293.0
161.5 10.4930572644 293.0
162.0 10.4962369846 293.0
162.5 10.4994069064 293.0
163.0 10.5025670899 293.0
163.5 10.5057175947 293.0
164.0 10.50885848 293.0
164.5 10.5119898044 293.0
165.0 10.5151116258 293.0
165.5 10.5182240019 293.0
166.0 10.5213269894 293.0
166.5 10.524420645 293.0
167.0 10.5275050246 293.0
167.5 10.5305801837 293.0
168.0 10.5336461771 293.0
168.5 10.5367030595 293.0
169.0 10.5397508847 293.0
169.5 10.5427897063 293.0
170.0 10.5458195774 293.0
170.5 10.5488405504 293.0
171.0 10.5518526776 293.0
171.5 10.5548560105 293.0
172.0 10.5578506004 293.0
172.5 10.560836498 293.0
173.0 10.5638137537 293.0
173.5 10.5667824172 293.0
174.0 10.5697425382 293.0
174.5 10.5726941655 293.0
175.0 10.5756373478 293.0
175.5 10.5785721333 293.0
176.0 10.5814985698 293.0
176.5 10.5844167045 293.0
177.0 10.5873265846 293.0
177.5 10.5902282565 293.0
178.0 10.5931217665 293.0
178.5 10.5960071603 293.0
179.0 10.5988844833 293.0
179.5 10.6017537806 293.0
180.0 10.6046150967 293.0
180.5 10.6074684761 293.0
181.0 10.6103139625 293.0
181.5 10.6131515996 293.0
182.0 10.6159814305 293.0
182.5 10.618803498 293.0
183.0 10.6216178447 293.0
183.5 10.6244245126 293.0
184.0 10.6272235436 293.0
184.5 10.630014979 293.0
185.0 10.6327988601 293.0
185.5 10.6355752276 293.0
186.0 10.6383441219 293.0
186.5 10.6411055831 293.0
187.0 10.6438596511 293.0
187.5 10.6466063654 293.0
188.0 10.6493457651 293.0
188.5 10.652077889 293.0
189.0 10.6548027757 293.0
189.5 10.6575204635 293.0
190.0 10.6602309902 293.0
190.5 10.6629343936 293.0
191.0 10.665630711 293.0
191.5 10.6683199793 293.0
192.0 10.6710022355 293.0
192.5 10.6736775159 293.0
193.0 10.6763458567 293.0
193.5 10.6790072939 293.0
194.0 10.6816618631 293.0
194.5 10.6843095996 293.0
195.0 10.6869505385 293.0
195.5 10.6895847146 293.0
196.0 10.6922121626 293.0
196.5 10.6948329166 293.0
197.0 10.6974470107 293.0
197.5 10.7000544786 293.0
198.0 10.7026553539 293.0
198.5 10.7052496698 293.0
199.0 10.7078374593 293.0
199.5 10.7104187551 293.0
200.0 10.7129935898 293.0
200.5 10.7155619957 293.0
201.0 10.7181240047 293.0
201.5 10.7206796487 293.0
202.0 10.7232289592 293.0
202.5 10.7257719674 293.0
203.0 10.7283087046 293.0
203.5 10.7308392015 293.0
204.0 10.7333634888 293.0
204.5 10.7358815968 293.0
205.0 10.7383935558 293.0
205.5 10.7408993957 293.0
206.0 10.7433991462 293.0
206.5 10.7458928369 293.0
207.0 10.7483804971 293.0
207.5 10.7508621558 293.0
208.0 10.7533378421 293.0
208.5 10.7558075844 293.0
209.0 10.7582714114 293.0
209.5 10.7607293513 293.0
210.0 10.7631814321 293.0
210.5 10.7656276817 293.0
211.0 10.7680681278 293.0
211.5 10.7705027979 293.0
212.0 10.7729317191 293.0
212.5 10.7753549188 293.0
213.0 10.7777724236 293.0
213.5 10.7801842603 293.0
214.0 10.7825904555 293.0
214.5 10.7849910354 293.0
215.0 10.7873860262 293.0
215.5 10.7897754539 293.0
216.0 10.7921593443 293.0
216.5 10.7945377229 293.0
217.0 10.7969106152 293.0
217.5 10.7992780465 293.0
218.0 10.8016400417 293.0
218.5 10.803996626 293.0
219.0 10.8063478238 293.0
219.5 10.8086936599 293.0
220.0 10.8110341587 293.0
220.5 10.8133693443 293.0
221.0 10.8156992408 293.0
221.5 10.8180238722 293.0
222.0 10.8203432621 293.0
222.5 10.8226574342 293.0
223.0 10.8249664119 293.0
223.5 10.8272702184 293.0
224.0 10.8295688769 293.0
224.5 10.8318624104 293.0
225.0 10.8341508415 293.0
225.5 10.836434193 293.0
226.0 10.8387124874 293.0
226.5 10.840985747 293.0
227.0 10.8432539941 293.0
227.5 10.8455172506 293.0
228.0 10.8477755385 293.0
228.5 10.8500288796 293.0
229.0 10.8522772955 293.0
229.5 10.8545208076 293.0
230.0 10.8567594374 293.0
230.5 10.858993206 293.0
231.0 10.8612221345 293.0
231.5 10.8634462438 293.0
232.0 10.8656655547 293.0
232.5 10.8678800878 293.0
233.0 10.8700898638 293.0
233.5 10.872294903 293.0
234.0 10.8744952256 293.0
234.5 10.8766908518 293.0
235.0 10.8788818016 293.0
235.5 10.8810680949 293.0
236.0 10.8832497514 293.0
236.5 10.8854267908 293.0
237.0 10.8875992325 293.0
237.5 10.8897670959 293.0
238.0 10.8919304003 293.0
238.5 10.8940891649 293.0
239.0 10.8962434086 293.0
239.5 10.8983931503 293.0
240.0 10.9005384088 293.0
240.5 10.9026792028 293.0
241.0 10.9048155508 293.0
241.5 10.9069474713 293.0
242.0 10.9090749825 293.0
242.5 10.9111981027 293.0
243.0 10.9133168499 293.0
243.5 10.9154312422 293.0
244.0 10.9175412973 293.0
244.5 10.9196470331 293.0
245.0 10.9217484671 293.0
245.5 10.923845617 293.0
246.0 10.9259385002 293.0
246.5 10.928027134 293.0
247.0 10.9301115355 293.0
247.5 10.932191722 293.0
248.0 10.9342677105 293.0
248.5 10.9363395178 293.0
249.0 10.9384071607 293.0
249.5 10.940470656 293.0
250.0 10.9425300203 293.0
250.5 10.9445852701 293.0
251.0 10.9466364218 293.0
251.5 10.9486834917 293.0
252.0 10.950726496 293.0
252.5 10.9527654508 293.0
253.0 10.9548003721 293.0
253.5 10.956831276 293.0
254.0 10.9588581782 293.0
254.5 10.9608810944 293.0
255.0 10.9629000403 293.0
255.5 10.9649150314 293.0
256.0 10.9669260833 293.0
256.5 10.9689332113 293.0
257.0 10.9709364306 293.0
257.5 10.9729357565 293.0
258.0 10.974931204 293.0
258.5 10.9769227883 293.0
259.0 10.9789105241 293.0
259.5 10.9808944264 293.0
260.0 10.9828745099 293.0
260.5 10.9848507894 293.0
261.0 10.9868232793 293.0
261.5 10.9887919941 293.0
262.0 10.9907569484 293.0
262.5 10.9927181565 293.0
263.0 10.9946756325 293.0
263.5 10.9966293907 293.0
264.0 10.9985794452 293.0
264.5 11.00052581 293.0
265.0 11.002468499 293.0
265.5 11.0044075261 293.0
266.0 11.006342905 293.0
266.5 11.0082746496 293.0
267.0 11.0102027733 293.0
267.5 11.0121272897 293.0
268.0 11.0140482124 293.0
268.5 11.0159655546 293.0
269.0 11.0178793298 293.0
269.5 11.0197895512 293.0
270.0 11.0216962319 293.0
270.5 11.0235993851 293.0
271.0 11.0254990238 293.0
271.5 11.0273951609 293.0
272.0 11.0292878093 293.0
272.5 11.0311769818 293.0
273.0 11.0330626913 293.0
273.5 11.0349449503 293.0
274.0 11.0368237714 293.0
274.5 11.0386991672 293.0
275.0 11.0405711502 293.0
275.5 11.0424397328 293.0
276.0 11.0443049272 293.0
276.5 11.0461667458 293.0
277.0 11.0480252008 293.0
277.5 11.0498803042 293.0
278.0 11.0517320682 293.0
278.5 11.0535805047 293.0
279.0 11.0554256258 293.0
279.5 11.0572674431 293.0
280.0 11.0591059687 293.0
280.5 11.0609412142 293.0
281.0 11.0627731912 293.0
281.5 11.0646019115 293.0
282.0 11.0664273866 293.0
282.5 11.0682496279 293.0
283.0 11.070068647 293.0
283.5 11.0718844551 293.0
284.0 11.0736970637 293.0
284.5 11.0755064839 293.0
285.0 11.077312727 293.0
285.5 11.079115804 293.0
286.0 11.0809157262 293.0
286.5 11.0827125044 293.0
287.0 11.0845061497 293.0
287.5 11.0862966729 293.0
288.0 11.088084085 293.0
288.5 11.0898683967 293.0
289.0 11.0916496187 293.0
289.5 11.0934277617 293.0
290.0 11.0952028364 293.0
290.5 11.0969748534 293.0
291.0 11.098743823 293.0
291.5 11.1005097559 293.0
292.0 11.1022726624 293.0
292.5 11.1040325529 293.0
293.0 11.1057894376 293.0
293.5 11.1075433268 293.0
294.0 11.1092942308 293.0
294.5 11.1110421596 293.0
295.0 11.1127871234 293.0
295.5 11.1145291321 293.0
296.0 11.1162681959 293.0
296.5 11.1180043246 293.0
297.0 11.1197375281 293.0
297.5 11.1214678162 293.0
298.0 11.1231951989 293.0
298.5 11.1249196857 293.0
299.0 11.1266412864 293.0
299.5 11.1283600106 293.0
300.0 11.130075868 293.0
300.5 11.131788868 293.0
301.0 11.1334990202 293.0
301.5 11.135206334 293.0
302.0 11.1369108189 293.0
302.5 11.1386124842 293.0
303.0 11.1403113391 293.0
303.5 11.1420073931 293.0
304.0 11.1437006552 293.0
304.5 11.1453911347 293.0
305.0 11.1470788407 293.0
305.5 11.1487637823 293.0
306.0 11.1504459686 293.0
306.5 11.1521254084 293.0
307.0 11.1538021108 293.0
307.5 11.1554760848 293.0
308.0 11.157147339 293.0
308.5 11.1588158825 293.0
309.0 11.1604817239 293.0
309.5 11.162144872 293.0
310.0 11.1638053355 293.0
310.5 11.165463123 293.0
311.0 11.1671182432 293.0
311.5 11.1687707046 293.0
312.0 11.1704205158 293.0
312.5 11.1720676852 293.0
313.0 11.1737122213 293.0
313.5 11.1753541325 293.0
314.0 11.1769934271 293.0
314.5 11.1786301135 293.0
315.0 11.1802642 293.0
315.5 11.1818956948 293.0
316.0 11.1835246061 293.0
316.5 11.1851509422 293.0
317.0 11.186774711 293.0
317.5 11.1883959208 293.0
318.0 11.1900145795 293.0
318.5 11.1916306952 293.0
319.0 11.1932442759 293.0
319.5 11.1948553295 293.0
320.0 11.1964638639 293.0
320.5 11.1980698869 293.0
321.0 11.1996734065 293.0
321.5 11.2012744304 293.0
322.0 11.2028729663 293.0
322.5 11.204469022 293.0
323.0 11.2060626051 293.0
323.5 11.2076537234 293.0
324.0 11.2092423843 293.0
324.5 11.2108285956 293.0
325.0 11.2124123647 293.0
325.5 11.2139936992 293.0
326.0 11.2155726064 293.0
326.5 11.217149094 293.0
327.0 11.2187231692 293.0
327.5 11.2202948394 293.0
328.0 11.221864112 293.0
328.5 11.2234309944 293.0
329.0 11.2249954936 293.0
329.5 11.2265576171 293.0
330.0 11.2281173719 293.0
330.5 11.2296747653 293.0
331.0 11.2312298044 293.0
331.5 11.2327824963 293.0
332.0 11.2343328481 293.0
332.5 11.2358808669 293.0
333.0 11.2374265596 293.0
333.5 11.2389699332 293.0
334.0 11.2405109947 293.0
334.5 11.2420497509 293.0
335.0 11.2435862089 293.0
335.5 11.2451203753 293.0
336.0 11.2466522571 293.0
336.5 11.2481818611 293.0
337.0 11.249709194 293.0
337.5 11.2512342625 293.0
338.0 11.2527570734 293.0
338.5 11.2542776333 293.0
339.0 11.2557959489 293.0
339.5 11.2573120268 293.0
340.0 11.2588258735 293.0
340.5 11.2603374957 293.0
341.0 11.2618468998 293.0
341.5 11.2633540924 293.0
342.0 11.2648590799 293.0
342.5 11.2663618687 293.0
343.0 11.2678624654 293.0
343.5 11.2693608762 293.0
344.0 11.2708571076 293.0
344.5 11.2723511658 293.0
345.0 11.2738430572 293.0
345.5 11.275332788 293.0
346.0 11.2768203646 293.0
346.5 11.278305793 293.0
347.0 11.2797890795 293.0
347.5 11.2812702304 293.0
348.0 11.2827492516 293.0
348.5 11.2842261493 293.0
349.0 11.2857009297 293.0
349.5 11.2871735988 293.0
350.0 11.2886441626 293.0
350.5 11.2901126271 293.0
351.0 11.2915789983 293.0
351.5 11.2930432822 293.0
352.0 11.2945054847 293.0
352.5 11.2959656117 293.0
353.0 11.2974236691 293.0
353.5 11.2988796628 293.0
354.0 11.3003335986 293.0
354.5 11.3017854823 293.0
355.0 11.3032353196 293.0
355.5 11.3046831165 293.0
356.0 11.3061288784 293.0
356.5 11.3075726113 293.0
357.0 11.3090143208 293.0
357.5 11.3104540125 293.0
358.0 11.3118916921 293.0
358.5 11.3133273652 293.0
359.0 11.3147610374 293.0
359.5 11.3161927143 293.0
360.0 11.3176224013 293.0
360.5 11.3190501041 293.0
361.0 11.3204758282 293.0
361.5 11.3218995789 293.0
362.0 11.3233213618 293.0
362.5 11.3247411823 293.0
363.0 11.3261590459 293.0
363.5 11.3275749578 293.0
364.0 11.3289889234 293.0
364.5 11.3304009482 293.0
365.0 11.3318110374 293.0
365.5 11.3332191964 293.0
366.0 11.3346254303 293.0
366.5 11.3360297445 293.0
367.0 11.3374321442 293.0
367.5 11.3388326346 293.0
368.0 11.3402312208 293.0
368.5 11.3416279082 293.0
369.0 11.3430227018 293.0
369.5 11.3444156067 293.0
370.0 11.345806628 293.0
370.5 11.347195771 293.0
371.0 11.3485830405 293.0
371.5 11.3499684416 293.0
372.0 11.3513519795 293.0
372.5 11.352733659 293.0
373.0 11.3541134852 293.0
373.5 11.355491463 293.0
374.0 11.3568675975 293.0
374.5 11.3582418934 293.0
375.0 11.3596143557 293.0
375.5 11.3609849893 293.0
376.0 11.3623537991 293.0
376.5 11.36372079 293.0
377.0 11.3650859666 293.0
377.5 11.3664493339 293.0
378.0 11.3678108966 293.0
378.5 11.3691706596 293.0
379.0 11.3705286275 293.0
379.5 11.3718848051 293.0
380.0 11.3732391971 293.0
380.5 11.3745918082 293.0
381.0 11.3759426431 293.0
381.5 11.3772917065 293.0
382.0 11.3786390029 293.0
382.5 11.379984537 293.0
383.0 11.3813283134 293.0
383.5 11.3826703368 293.0
384.0 11.3840106115 293.0
384.5 11.3853491423 293.0
385.0 11.3866859337 293.0
385.5 11.3880209901 293.0
386.0 11.389354316 293.0
386.5 11.3906859161 293.0
387.0 11.3920157946 293.0
387.5 11.393343956 293.0
388.0 11.3946704048 293.0
388.5 11.3959951454 293.0
389.0 11.3973181822 293.0
389.5 11.3986395196 293.0
390.0 11.3999591618 293.0
390.5 11.4012771133 293.0
391.0 11.4025933784 293.0
391.5 11.4039079615 293.0
392.0 11.4052208666 293.0
392.5 11.4065320983 293.0
393.0 11.4078416607 293.0
393.5 11.4091495581 293.0
394.0 11.4104557946 293.0
394.5 11.4117603746 293.0
395.0 11.4130633022 293.0
395.5 11.4143645816 293.0
396.0 11.415664217 293.0
396.5 11.4169622124 293.0
397.0 11.4182585721 293.0
397.5 11.4195533002 293.0
398.0 11.4208464007 293.0
398.5 11.4221378777 293.0
399.0 11.4234277354 293.0
399.5 11.4247159777 293.0
400.0 11.4260026088 293.0
400.5 11.4272876326 293.0
401.0 11.4285710531 293.0
401.5 11.4298528744 293.0
402.0 11.4311331005 293.0
402.5 11.4324117352 293.0
403.0 11.4336887825 293.0
403.5 11.4349642465 293.0
404.0 11.4362381309 293.0
404.5 11.4375104397 293.0
405.0 11.4387811769 293.0
405.5 11.4400503462 293.0
406.0 11.4413179516 293.0
406.5 11.4425839968 293.0
407.0 11.4438484858 293.0
407.5 11.4451114224 293.0
408.0 11.4463728102 293.0
408.5 11.4476326533 293.0
409.0 11.4488909553 293.0
409.5 11.4501477199 293.0
410.0 11.4514029511 293.0
410.5 11.4526566524 293.0
411.0 11.4539088276 293.0
411.5 11.4551594804 293.0
412.0 11.4564086146 293.0
412.5 11.4576562337 293.0
413.0 11.4589023415 293.0
413.5 11.4601469417 293.0
414.0 11.4613900378 293.0
414.5 11.4626316335 293.0
415.0 11.4638717325 293.0
415.5 11.4651103383 293.0
416.0 11.4663474545 293.0
416.5 11.4675830847 293.0
417.0 11.4688172324 293.0
417.5 11.4700499013 293.0
418.0 11.4712810948 293.0
418.5 11.4725108165 293.0
419.0 11.4737390699 293.0
419.5 11.4749658585 293.0
420.0 11.4761911858 293.0
420.5 11.4774150552 293.0
421.0 11.4786374703 293.0
421.5 11.4798584344 293.0
422.0 11.4810779511 293.0
422.5 11.4822960238 293.0
423.0 11.4835126558 293.0
423.5 11.4847278505 293.0
424.0 11.4859416115 293.0
424.5 11.4871539419 293.0
425.0 11.4883648453 293.0
425.5 11.489574325 293.0
426.0 11.4907823842 293.0
426.5 11.4919890264 293.0
427.0 11.4931942549 293.0
427.5 11.4943980729 293.0
428.0 11.4956004838 293.0
428.5 11.4968014909 293.0
429.0 11.4980010974 293.0
429.5 11.4991993065 293.0
430.0 11.5003961216 293.0
430.5 11.5015915459 293.0
431.0 11.5027855826 293.0
431.5 11.503978235 293.0
432.0 11.5051695062 293.0
432.5 11.5063593994 293.0
433.0 11.5075479178 293.0
433.5 11.5087350646 293.0
434.0 11.5099208429 293.0
434.5 11.511105256 293.0
435.0 11.5122883069 293.0
435.5 11.5134699987 293.0
436.0 11.5146503347 293.0
436.5 11.5158293178 293.0
437.0 11.5170069513 293.0
437.5 11.5181832381 293.0
438.0 11.5193581814 293.0
438.5 11.5205317842 293.0
439.0 11.5217040496 293.0
439.5 11.5228749806 293.0
440.0 11.5240445803 293.0
440.5 11.5252128517 293.0
441.0 11.5263797977 293.0
441.5 11.5275454215 293.0
442.0 11.5287097259 293.0
442.5 11.529872714 293.0
443.0 11.5310343888 293.0
443.5 11.5321947532 293.0
444.0 11.5333538101 293.0
444.5 11.5345115626 293.0
445.0 11.5356680134 293.0
445.5 11.5368231657 293.0
446.0 11.5379770222 293.0
446.5 11.5391295859 293.0
447.0 11.5402808597 293.0
447.5 11.5414308465 293.0
448.0 11.542579549 293.0
448.5 11.5437269703 293.0
449.0 11.5448731132 293.0
449.5 11.5460179804 293.0
450.0 11.5471615748 293.0
450.5 11.5471615748 293.0
451.0 11.5471615748 293.0
451.5 11.5471615748 293.0
452.0 11.5471615748 293.0
452.5 11.5471615748 293.0
453.0 11.5471615748 293.0
453.5 11.5471615748 293.0
454.0 11.5471615748 293.0
454.5 11.5471615748 293.0
455.0 11.5471615748 293.0
455.5 11.5471615748 293.0
456.0 11.5471615748 293.0
456.5 11.5471615748 293.0
457.0 11.5471615748 293.0
457.5 11.5471615748 293.0
458.0 11.5471615748 293.0
458.5 11.5471615748 293.0
459.0 11.5471615748 293.0
459.5 11.5471615748 293.0
460.0 11.5471615748 293.0
460.5 11.5471615748 293.0
461.0 11.5471615748 293.0
461.5 11.5471615748 293.0
462.0 11.5471615748 293.0
462.5 11.5471615748 293.0
463.0 11.5471615748 293.0
463.5 11.5471615748 293.0
464.0 11.5471615748 293.0
464.5 11.5471615748 293.0
465.0 11.5471615748 293.0
465.5 11.5471615748 293.0
466.0 11.5471615748 293.0
466.5 11.5471615748 293.0
467.0 11.5471615748 293.0
467.5 11.5471615748 293.0
468.0 11.5471615748 293.0
468.5 11.5471615748 293.0
469.0 11.5471615748 293.0
469.5 11.5471615748 293.0
470.0 11.5471615748 293.0
470.5 11.5471615748 293.0
471.0 11.5471615748 293.0
471.5 11.5471615748 293.0
472.0 11.5471615748 293.0
472.5 11.5471615748 293.0
473.0 11.5471615748 293.0
473.5 11.5471615748 293.0
474.0 11.5471615748 293.0
474.5 11.5471615748 293.0
475.0 11.5471615748 293.0
475.5 11.5471615748 293.0
476.0 11.5471615748 293.0
476.5 11.5471615748 293.0
477.0 11.5471615748 293.0
477.5 11.5471615748 293.0
478.0 11.5471615748 293.0
478.5 11.5471615748 293.0
479.0 11.5471615748 293.0
479.5 11.5471615748 293.0
480.0 11.5471615748 293.0
480.5 11.5471615748 293.0
481.0 11.5471615748 293.0
481.5 11.5471615748 293.0
482.0 11.5471615748 293.0
482.5 11.5471615748 293.0
483.0 11.5471615748 293.0
483.5 11.5471615748 293.0
484.0 11.5471615748 293.0
484.5 11.5471615748 293.0
485.0 11.5471615748 293.0
485.5 11.5471615748 293.0
486.0 11.5471615748 293.0
486.5 11.5471615748 293.0
487.0 11.5471615748 293.0
487.5 11.5471615748 293.0
488.0 11.5471615748 293.0
488.5 11.5471615748 293.0
489.0 11.5471615748 293.0
489.5 11.5471615748 293.0
490.0 11.5471615748 293.0
490.5 11.5471615748 293.0
491.0 11.5471615748 293.0
491.5 11.5471615748 293.0
492.0 11.5471615748 293.0
492.5 11.5471615748 293.0
493.0 11.5471615748 293.0
493.5 11.5471615748 293.0
494.0 11.5471615748 293.0
494.5 11.5471615748 293.0
495.0 11.5471615748 293.0
495.5 11.5471615748 293.0
496.0 11.5471615748 293.0
496.5 11.5471615748 293.0
497.0 11.5471615748 293.0
497.5 11.5471615748 293.0
498.0 11.5471615748 293.0
498.5 11.5471615748 293.0
499.0 11.5471615748 293.0
499.5 11.5471615748 293.0
500.0 11.5471615748 293.0
